299
10
1
1
1
1
0
0
0
0
-1
-1
-1
-2
-2
-1
-1
0
0
1
2
2
3
3
3
3
2
1
0
-1
-3
-4
-6
-6
-6
-6
-5
-3
-1
2
5
7
10
11
12
11
9
6
2
-2
-7
-12
-16
-18
-19
-19
-16
-12
-5
2
10
17
24
29
31
31
27
21
11
0
-12
-24
-35
-43
-48
-48
-44
-35
-21
-5
14
33
49
63
71
73
68
56
37
13
-14
-42
-68
-89
-103
-108
-103
-88
-62
-29
10
51
90
123
147
158
155
136
102
56
0
-60
-119
-171
-211
-233
-234
-212
-168
-103
-22
68
160
244
312
356
369
347
288
194
70
-74
-229
-381
-514
-613
-665
-658
-582
-434
-212
78
427
821
1241
1666
2076
2448
2761
2998
3147
3197
3147
2998
2761
2448
2076
1666
1241
821
427
78
-212
-434
-582
-658
-665
-613
-514
-381
-229
-74
70
194
288
347
369
356
312
244
160
68
-22
-103
-168
-212
-234
-233
-211
-171
-119
-60
0
56
102
136
155
158
147
123
90
51
10
-29
-62
-88
-103
-108
-103
-89
-68
-42
-14
13
37
56
68
73
71
63
49
33
14
-5
-21
-35
-44
-48
-48
-43
-35
-24
-12
0
11
21
27
31
31
29
24
17
10
2
-5
-12
-16
-19
-19
-18
-16
-12
-7
-2
2
6
9
11
12
11
10
7
5
2
-1
-3
-5
-6
-6
-6
-6
-4
-3
-1
0
1
2
3
3
3
3
2
2
1
0
0
-1
-1
-2
-2
-1
-1
-1
0
0
0
0
1
1
1
1
