451
16
-1
-1
-1
-1
-1
-1
-1
-1
-1
-1
0
0
0
0
1
1
1
1
2
2
2
2
2
2
2
1
1
1
0
0
-1
-2
-2
-3
-3
-3
-4
-4
-4
-4
-3
-3
-2
-2
-1
0
1
2
3
4
5
6
7
7
7
7
6
6
5
3
2
0
-2
-3
-5
-7
-9
-10
-11
-12
-12
-12
-11
-10
-8
-6
-4
-1
1
5
8
10
13
15
17
19
19
19
18
17
15
12
8
4
-1
-5
-10
-15
-19
-23
-26
-28
-30
-30
-29
-27
-24
-20
-15
-9
-2
5
13
20
27
33
38
42
44
46
45
43
38
33
25
17
7
-4
-14
-25
-36
-45
-53
-60
-65
-67
-67
-65
-59
-52
-42
-30
-16
-1
15
31
47
61
74
85
93
98
99
97
91
81
67
51
31
10
-13
-37
-60
-82
-102
-120
-133
-143
-147
-146
-140
-127
-109
-87
-59
-28
6
41
77
113
145
174
199
217
228
231
225
210
186
154
114
66
12
-45
-106
-166
-226
-281
-329
-370
-399
-416
-418
-404
-373
-324
-257
-172
-70
48
180
325
480
642
808
975
1139
1297
1446
1583
1704
1807
1890
1950
1987
1999
1987
1950
1890
1807
1704
1583
1446
1297
1139
975
808
642
480
325
180
48
-70
-172
-257
-324
-373
-404
-418
-416
-399
-370
-329
-281
-226
-166
-106
-45
12
66
114
154
186
210
225
231
228
217
199
174
145
113
77
41
6
-28
-59
-87
-109
-127
-140
-146
-147
-143
-133
-120
-102
-82
-60
-37
-13
10
31
51
67
81
91
97
99
98
93
85
74
61
47
31
15
-1
-16
-30
-42
-52
-59
-65
-67
-67
-65
-60
-53
-45
-36
-25
-14
-4
7
17
25
33
38
43
45
46
44
42
38
33
27
20
13
5
-2
-9
-15
-20
-24
-27
-29
-30
-30
-28
-26
-23
-19
-15
-10
-5
-1
4
8
12
15
17
18
19
19
19
17
15
13
10
8
5
1
-1
-4
-6
-8
-10
-11
-12
-12
-12
-11
-10
-9
-7
-5
-3
-2
0
2
3
5
6
6
7
7
7
7
6
5
4
3
2
1
0
-1
-2
-2
-3
-3
-4
-4
-4
-4
-3
-3
-3
-2
-2
-1
0
0
1
1
1
2
2
2
2
2
2
2
1
1
1
1
0
0
0
0
-1
-1
-1
-1
-1
-1
-1
-1
-1
-1
