561
20
-1
-1
-1
-1
-1
-1
-1
-1
-1
-1
0
0
0
0
0
0
0
1
1
1
1
1
1
1
2
2
2
2
1
1
1
1
1
0
0
0
-1
-1
-1
-2
-2
-2
-3
-3
-3
-3
-3
-3
-3
-3
-2
-2
-2
-1
0
0
1
2
2
3
4
4
5
5
5
6
6
6
5
5
5
4
3
2
1
0
-1
-2
-3
-4
-6
-7
-8
-8
-9
-9
-10
-10
-9
-9
-8
-7
-6
-4
-3
-1
1
3
5
6
8
10
12
13
14
15
15
15
15
15
14
12
10
8
6
3
0
-3
-6
-9
-12
-15
-17
-19
-21
-23
-24
-24
-24
-23
-22
-20
-17
-14
-11
-7
-3
2
6
11
16
20
24
28
31
33
35
36
36
36
34
31
28
24
19
13
7
1
-6
-13
-20
-27
-33
-39
-44
-48
-51
-53
-54
-53
-52
-48
-44
-38
-32
-24
-15
-6
4
15
25
35
44
53
61
68
73
77
79
79
77
74
68
61
51
41
28
15
1
-14
-29
-44
-59
-72
-85
-96
-105
-112
-116
-118
-117
-113
-106
-97
-84
-69
-52
-33
-12
10
33
56
79
101
121
140
155
168
178
183
184
181
174
161
144
123
98
69
36
1
-36
-75
-114
-152
-190
-224
-256
-284
-306
-323
-333
-335
-329
-315
-292
-259
-218
-167
-107
-38
38
122
213
309
410
514
620
727
833
937
1038
1134
1224
1307
1381
1446
1500
1543
1574
1593
1599
1593
1574
1543
1500
1446
1381
1307
1224
1134
1038
937
833
727
620
514
410
309
213
122
38
-38
-107
-167
-218
-259
-292
-315
-329
-335
-333
-323
-306
-284
-256
-224
-190
-152
-114
-75
-36
1
36
69
98
123
144
161
174
181
184
183
178
168
155
140
121
101
79
56
33
10
-12
-33
-52
-69
-84
-97
-106
-113
-117
-118
-116
-112
-105
-96
-85
-72
-59
-44
-29
-14
1
15
28
41
51
61
68
74
77
79
79
77
73
68
61
53
44
35
25
15
4
-6
-15
-24
-32
-38
-44
-48
-52
-53
-54
-53
-51
-48
-44
-39
-33
-27
-20
-13
-6
1
7
13
19
24
28
31
34
36
36
36
35
33
31
28
24
20
16
11
6
2
-3
-7
-11
-14
-17
-20
-22
-23
-24
-24
-24
-23
-21
-19
-17
-15
-12
-9
-6
-3
0
3
6
8
10
12
14
15
15
15
15
15
14
13
12
10
8
6
5
3
1
-1
-3
-4
-6
-7
-8
-9
-9
-10
-10
-9
-9
-8
-8
-7
-6
-4
-3
-2
-1
0
1
2
3
4
5
5
5
6
6
6
5
5
5
4
4
3
2
2
1
0
0
-1
-2
-2
-2
-3
-3
-3
-3
-3
-3
-3
-3
-2
-2
-2
-1
-1
-1
0
0
0
1
1
1
1
1
2
2
2
2
1
1
1
1
1
1
1
0
0
0
0
0
0
0
-1
-1
-1
-1
-1
-1
-1
-1
-1
-1
