159
5
-1
0
0
1
1
1
1
0
-1
-3
-3
-3
-1
3
6
7
6
2
-4
-10
-13
-12
-5
6
17
23
22
11
-7
-26
-39
-38
-21
8
39
61
62
38
-5
-54
-91
-97
-66
-2
72
131
147
108
18
-92
-184
-218
-171
-48
113
255
319
267
100
-133
-352
-468
-419
-193
150
499
715
688
375
-164
-773
-1231
-1310
-854
173
1654
3337
4890
5984
6377
5984
4890
3337
1654
173
-854
-1310
-1231
-773
-164
375
688
715
499
150
-193
-419
-468
-352
-133
100
267
319
255
113
-48
-171
-218
-184
-92
18
108
147
131
72
-2
-66
-97
-91
-54
-5
38
62
61
39
8
-21
-38
-39
-26
-7
11
22
23
17
6
-5
-12
-13
-10
-4
2
6
7
6
3
-1
-3
-3
-3
-1
0
1
1
1
1
0
0
-1
