135
20
-1
-1
-1
-1
0
0
0
1
1
2
3
5
6
8
10
12
14
16
18
19
20
20
19
16
13
8
1
-7
-17
-29
-43
-57
-73
-90
-106
-122
-137
-149
-159
-165
-167
-162
-152
-134
-108
-73
-29
24
86
157
237
325
420
521
627
735
844
953
1059
1160
1255
1342
1418
1483
1535
1573
1596
1604
1596
1573
1535
1483
1418
1342
1255
1160
1059
953
844
735
627
521
420
325
237
157
86
24
-29
-73
-108
-134
-152
-162
-167
-165
-159
-149
-137
-122
-106
-90
-73
-57
-43
-29
-17
-7
1
8
13
16
19
20
20
19
18
16
14
12
10
8
6
5
3
2
1
1
0
0
0
-1
-1
-1
-1

