297
50
1
1
1
1
1
1
2
2
2
2
3
3
3
3
4
4
4
5
5
5
6
6
6
7
7
7
7
7
8
8
8
8
8
8
8
7
7
7
6
6
5
5
4
3
2
1
-1
-2
-3
-5
-7
-8
-10
-12
-14
-16
-19
-21
-23
-26
-28
-31
-34
-36
-39
-42
-44
-47
-49
-52
-54
-56
-58
-60
-62
-63
-64
-65
-66
-67
-67
-66
-66
-65
-63
-61
-59
-56
-53
-49
-45
-40
-34
-28
-22
-14
-7
2
11
20
30
41
52
64
77
90
103
117
131
146
161
177
193
209
226
243
260
277
295
312
329
347
364
381
398
415
432
448
464
479
494
509
523
536
549
561
572
582
592
601
609
616
622
628
632
636
638
640
640
640
638
636
632
628
622
616
609
601
592
582
572
561
549
536
523
509
494
479
464
448
432
415
398
381
364
347
329
312
295
277
260
243
226
209
193
177
161
146
131
117
103
90
77
64
52
41
30
20
11
2
-7
-14
-22
-28
-34
-40
-45
-49
-53
-56
-59
-61
-63
-65
-66
-66
-67
-67
-66
-65
-64
-63
-62
-60
-58
-56
-54
-52
-49
-47
-44
-42
-39
-36
-34
-31
-28
-26
-23
-21
-19
-16
-14
-12
-10
-8
-7
-5
-3
-2
-1
1
2
3
4
5
5
6
6
7
7
7
8
8
8
8
8
8
8
7
7
7
7
7
6
6
6
5
5
5
4
4
4
3
3
3
3
2
2
2
2
1
1
1
1
1
1
