237
40
1
1
1
1
2
2
2
3
3
4
4
5
5
6
6
7
7
8
8
9
9
9
10
10
10
10
10
10
9
9
8
7
6
5
4
2
1
-1
-4
-6
-9
-12
-15
-18
-21
-25
-29
-33
-37
-41
-45
-49
-53
-57
-61
-65
-68
-72
-75
-77
-80
-81
-83
-83
-83
-83
-81
-79
-76
-72
-67
-61
-54
-46
-36
-26
-15
-2
12
27
43
60
79
98
119
140
163
186
210
235
261
287
313
340
367
395
422
449
476
503
529
555
580
604
628
650
671
691
709
726
742
756
768
778
787
793
798
801
802
801
798
793
787
778
768
756
742
726
709
691
671
650
628
604
580
555
529
503
476
449
422
395
367
340
313
287
261
235
210
186
163
140
119
98
79
60
43
27
12
-2
-15
-26
-36
-46
-54
-61
-67
-72
-76
-79
-81
-83
-83
-83
-83
-81
-80
-77
-75
-72
-68
-65
-61
-57
-53
-49
-45
-41
-37
-33
-29
-25
-21
-18
-15
-12
-9
-6
-4
-1
1
2
4
5
6
7
8
9
9
10
10
10
10
10
10
9
9
9
8
8
7
7
6
6
5
5
4
4
3
3
2
2
2
1
1
1
1
